100 10
45.2498 83.0679 0 0
18.8648 3.07165 0 0
95.0299 32.3121 0 0
5.73049 57.6986 0 0
-85.1799 -34.03 0 0
16.7488 -93.8056 0 0
85.7187 -96.0495 0 0
55.8744 -32.791 0 0
-31.4948 -17.0361 0 0
81.4626 30.2961 0 0
14.126 -98.4344 0 0
-42.6095 45.9132 0 0
40.4801 -9.40889 0 0
-55.2584 74.4134 0 0
43.4899 77.0913 0 0
-32.7284 34.2856 0 0
21.1047 -86.6688 0 0
53.6483 65.3734 0 0
-71.0292 -99.5231 0 0
-1.22523 -80.5989 0 0
38.4711 25.0122 0 0
50.9952 -7.64055 0 0
55.4931 50.3175 0 0
95.2537 -64.408 0 0
-10.0896 67.0843 0 0
15.2348 -20.0422 0 0
58.3589 -1.59797 0 0
8.49104 47.8591 0 0
-74.9725 -74.2095 0 0
53.145 -11.5206 0 0
-58.347 77.5548 0 0
-32.1162 67.6251 0 0
84.8544 59.6057 0 0
-36.6315 -0.0794689 0 0
-72.9687 -9.14523 0 0
9.33475 76.3313 0 0
45.1986 -30.7133 0 0
90.8878 19.5462 0 0
-63.9755 -30.0266 0 0
52.1925 2.78524 0 0
70.5296 -28.0592 0 0
52.8783 -59.2287 0 0
-7.97754 -56.0165 0 0
-20.9123 -71.922 0 0
46.9616 17.0684 0 0
68.215 53.4588 0 0
97.9258 82.7968 0 0
84.6294 75.0706 0 0
58.0949 77.956 0 0
-29.213 -26.5578 0 0
-85.3196 63.7552 0 0
35.6108 34.9519 0 0
35.7701 -38.7655 0 0
7.48752 -39.9852 0 0
58.8905 66.2786 0 0
9.10088 -82.8703 0 0
-58.3063 -68.6728 0 0
-39.9891 -40.9827 0 0
-49.5452 -31.8363 0 0
-27.3658 14.4923 0 0
68.3103 54.4083 0 0
-55.1023 -31.9116 0 0
96.3611 -37.8563 0 0
-29.2959 -55.1243 0 0
40.477 73.3859 0 0
-9.56359 -6.68744 0 0
14.3924 -26.3053 0 0
-99.2182 -79.6276 0 0
-55.7585 72.6869 0 0
95.839 9.93421 0 0
-30.9437 94.4483 0 0
35.7312 -61.937 0 0
-50.9675 -20.811 0 0
44.8199 47.0075 0 0
31.3882 52.5238 0 0
-32.0696 99.4572 0 0
76.239 8.58022 0 0
-91.3112 30.3156 0 0
-36.4672 53.2841 0 0
-70.3092 -71.3674 0 0
97.8763 -27.7931 0 0
-2.87377 91.8716 0 0
-92.8724 -75.1583 0 0
-0.913402 -33.6272 0 0
65.5868 41.3094 0 0
-5.17611 -29.8838 0 0
38.4909 7.17786 0 0
-66.6356 -8.56651 0 0
54.9359 -33.2821 0 0
31.5033 83.1053 0 0
-59.7915 -7.81957 0 0
-17.2122 -72.6502 0 0
96.4042 -89.4715 0 0
22.2379 27.0069 0 0
-47.4609 13.5221 0 0
-35.2643 6.20903 0 0
-44.4549 -23.8992 0 0
76.7327 -67.3893 0 0
-36.5512 -79.8491 0 0
55.7675 -28.513 0 0
