1000 50
-116.865 152.509 0 0
-557.618 143.226 0 0
216.852 49.6713 0 0
-588.763 -493.277 0 0
1493.22 -935.253 0 0
684.322 1985.28 0 0
-1596.42 1584.91 0 0
-228.051 -1465.83 0 0
-1427.35 1187.48 0 0
1264.91 1134.41 0 0
-868.716 -262.386 0 0
-432.614 1918.08 0 0
-1432.78 1264.35 0 0
419.628 -1003.27 0 0
254.597 -1779.14 0 0
-1399.25 1832.03 0 0
-1660.88 -43.6027 0 0
53.9351 -670.007 0 0
261.309 1713.03 0 0
-1355.52 760.127 0 0
695.687 1856.8 0 0
1024.1 988.017 0 0
-1431.02 1330.49 0 0
1222.39 842.022 0 0
-1728.79 1223.59 0 0
-1290.08 -955.135 0 0
584.171 1606.27 0 0
158.961 853.87 0 0
41.0091 -1974.03 0 0
-1785.03 169.677 0 0
-931.925 -1283.3 0 0
1696.23 1478.09 0 0
-729.158 -1074.25 0 0
-557.351 421.134 0 0
41.6862 -958.371 0 0
-1425.84 -804.222 0 0
1078.02 1152.82 0 0
928.821 423.901 0 0
-65.4944 -1662.06 0 0
136.095 -1867.19 0 0
102.04 1317.59 0 0
1125.49 906.637 0 0
935.272 1220.88 0 0
1401.09 -507.124 0 0
1702.33 1941.4 0 0
52.1769 -554.556 0 0
-714.055 666.893 0 0
1119.79 -1974.45 0 0
-1378.36 -1986.11 0 0
-317.746 1440.87 0 0
-295.88 -410.169 0 0
165.866 -1668.84 0 0
1912.47 640.995 0 0
1748.11 1978.14 0 0
-1075 -1155.65 0 0
1840.42 -1755.01 0 0
876.108 -774.962 0 0
-655.173 580.609 0 0
1499.74 -221.674 0 0
-613.495 -364.743 0 0
-1187.41 1238.9 0 0
736.095 -245.817 0 0
168.847 -1696.67 0 0
1542.59 -833.23 0 0
17.0872 1529.18 0 0
-460.943 119.04 0 0
-1445.04 944.882 0 0
1898.39 1519.68 0 0
1794.39 -629.198 0 0
-317.254 574.715 0 0
1038.62 -261.848 0 0
1615.66 1084.01 0 0
191.262 1604.74 0 0
-1950.71 -1107.64 0 0
455.328 1906.06 0 0
1487.73 516.96 0 0
520.231 -654.41 0 0
242.18 -114.487 0 0
245.294 -1277.27 0 0
-1249.87 -904.441 0 0
-481.402 1344.84 0 0
1170.62 -1706.61 0 0
-1167.4 1010.7 0 0
1904.36 -1025.18 0 0
-372.065 901.7 0 0
-1678.14 -1644.72 0 0
1083.39 952.66 0 0
-1510.14 1662.15 0 0
-1880.79 -1567.45 0 0
335.149 -702.489 0 0
-222.01 -1189.9 0 0
1821.56 -1692.04 0 0
-1017.49 1618 0 0
1596.4 1777.63 0 0
-725.046 1830.26 0 0
-1943.04 780.7 0 0
-1969.5 1999.35 0 0
-310.434 383.489 0 0
-685.028 698.137 0 0
-581.357 309.316 0 0
1062.21 385.745 0 0
-299.606 5.8037 0 0
-103.27 -1378.82 0 0
-485.452 -155.046 0 0
484.771 630.343 0 0
-449.371 1201.91 0 0
1774.78 1185 0 0
-1644.34 860.828 0 0
674.381 -1388.42 0 0
-748.44 284.912 0 0
-1175.4 983.746 0 0
1858.61 -998.528 0 0
424.234 461.693 0 0
-1869.07 423.625 0 0
1128.21 -1613.4 0 0
475.135 -573.828 0 0
-1665.06 -129.124 0 0
-87.4438 -355.959 0 0
-1433.05 -977.465 0 0
-1292.82 340.067 0 0
1392.14 -1687.67 0 0
-1960.29 -546.987 0 0
-486.807 -1195.44 0 0
-928.043 1441.31 0 0
-333.505 1758.45 0 0
-1859.35 1796.63 0 0
-987.48 308.682 0 0
1684.77 -255.997 0 0
-817.993 650.403 0 0
173.468 -1111.38 0 0
792.202 -230.223 0 0
-1254.53 -208.99 0 0
1195.8 628.949 0 0
-492.322 156.59 0 0
1764.05 -424.358 0 0
1645.51 -781.258 0 0
-1767.2 1992.93 0 0
-364.02 160.513 0 0
-401.59 870.926 0 0
-1874.66 -1369.54 0 0
1529.27 -320.273 0 0
901.671 -1217.41 0 0
-1313.57 1897.64 0 0
1415.39 443.579 0 0
1106.6 -1887.05 0 0
-164.174 1156.16 0 0
1316.16 1745.19 0 0
1967.84 -377.425 0 0
878.822 -1351.15 0 0
-715.638 1756.41 0 0
1332.7 151.296 0 0
-1641.93 -332.233 0 0
-1289.48 -1027.54 0 0
-1221.08 -1064.39 0 0
-97.0507 135.796 0 0
735.119 1357.74 0 0
1856.61 1564.89 0 0
-846.388 -1862.49 0 0
-1788.55 -1300.64 0 0
-1055.88 -1705.79 0 0
1959.62 -247.316 0 0
1465.99 -402.054 0 0
-1081.69 -157.278 0 0
530.827 742.823 0 0
611.625 -22.9539 0 0
-717.36 85.4198 0 0
-1194.61 433.596 0 0
-1799.81 -1200.17 0 0
-1087.6 -689.392 0 0
1317.24 -121.625 0 0
-1380.52 148.375 0 0
-553.51 1609.39 0 0
1224.33 1299.63 0 0
691.137 159.83 0 0
-173.885 -1481.39 0 0
166.718 -1920.94 0 0
307.457 940.604 0 0
-1464.34 -601.996 0 0
-359.081 1575.52 0 0
1359.32 184.103 0 0
-1533.37 1032.32 0 0
872.414 -159.413 0 0
-1960.89 -712.968 0 0
166.154 791.553 0 0
-1769.06 -1082.62 0 0
-862.606 410.268 0 0
267.856 1718.61 0 0
1829.63 -1494.83 0 0
-1230.73 455.622 0 0
-65.441 -1082.49 0 0
-1675.61 1081.23 0 0
-1340.3 -799.611 0 0
-411.693 293.686 0 0
263.107 1924.48 0 0
1021.27 1698.14 0 0
-1085.52 163.337 0 0
597.252 -1286.72 0 0
-815.361 -887.633 0 0
1369.91 -176.927 0 0
-155.434 1756.84 0 0
-1714.34 697.282 0 0
554.594 993.872 0 0
953.739 -121.154 0 0
887.503 -13.8085 0 0
-1429.22 983.949 0 0
1040.13 -382.112 0 0
-764.998 -247.616 0 0
1145.93 -1761.63 0 0
-1962.49 -1358.93 0 0
1935.8 -987.51 0 0
1933.63 774.332 0 0
566.157 979.45 0 0
-1389.28 -1530.2 0 0
-1774.64 766.783 0 0
-870.314 131.557 0 0
-134.859 1094.39 0 0
935.08 866.809 0 0
-1898.78 -419.925 0 0
272.714 -1106.09 0 0
1476.35 1767.79 0 0
-978.323 1111.09 0 0
-1467.75 -948.259 0 0
210.802 -1318.42 0 0
-1269.85 -1569.91 0 0
526.158 274.682 0 0
-1791.53 1381.42 0 0
-1338.48 -77.2908 0 0
1974.86 164.274 0 0
1089.41 -472.041 0 0
-1942.27 1214.27 0 0
-1851.63 -702.432 0 0
1317.75 788.472 0 0
258.765 228.556 0 0
-706.448 870.299 0 0
-64.4529 218.692 0 0
1944 -1776.06 0 0
-582.752 1676.41 0 0
-1186.42 -1.01007 0 0
794.269 -1737.2 0 0
447.02 -1651.63 0 0
-1655.58 384.547 0 0
1236.08 -54.0597 0 0
1716.27 -290.408 0 0
-1921.67 -1846.36 0 0
-1407.25 -1575.63 0 0
1776.66 -1061.88 0 0
430.687 -921.789 0 0
743.466 -1763.98 0 0
740.593 1915.61 0 0
-3.69937 -547.93 0 0
1464.68 304.024 0 0
-213.086 1358.49 0 0
211.014 324.704 0 0
-1937.06 -1307.6 0 0
-1746.26 867.125 0 0
1674.32 1547.39 0 0
-1389.52 -235.331 0 0
-1243.16 -951.231 0 0
-778.791 -1901.83 0 0
-1449.62 -855.341 0 0
-1344.26 -982.56 0 0
-845.213 268.936 0 0
34.5562 -1398.47 0 0
-323.266 -1206.83 0 0
-1291.48 227.079 0 0
483.188 -1460.92 0 0
726.57 -197.341 0 0
-585.244 115.47 0 0
122.904 1011.42 0 0
1898.74 -1110.74 0 0
-841.972 1349.46 0 0
-348.404 1539.9 0 0
-91.9268 1612.78 0 0
1527.79 -1977.14 0 0
1027.47 1184.07 0 0
-1089.38 -1631.59 0 0
1331.8 63.1615 0 0
-1476.15 -1075.39 0 0
1138.64 -1797.44 0 0
-212.272 -1551.79 0 0
1802.92 -1056.18 0 0
-296.033 1446.27 0 0
29.0342 -900.622 0 0
-5.75545 -147.247 0 0
899.628 1749.32 0 0
676.753 -1642.37 0 0
1285.28 -1722.73 0 0
96.7044 -1975.91 0 0
-1816.99 -1013.4 0 0
-182.36 360.444 0 0
477.409 -1010.73 0 0
-1713.63 -1982.29 0 0
-45.9769 -439.968 0 0
33.3795 -1884 0 0
-132.735 -1413.2 0 0
422.835 -1169.5 0 0
1231.76 -1238.44 0 0
1731.57 1062.93 0 0
-1275.79 564.324 0 0
-699.699 997.85 0 0
-1338 -1239.42 0 0
331.097 -1627.35 0 0
-1079.61 1366.36 0 0
-1887.99 -1917.61 0 0
-972.098 1051.92 0 0
455.097 985.551 0 0
-1759 1952.35 0 0
16.0598 1611.5 0 0
-1916.23 -1781.46 0 0
-1129.54 -28.1078 0 0
434.876 1865.34 0 0
1928.22 1233.33 0 0
-901.471 376.039 0 0
261.263 -176.796 0 0
595.287 1416.55 0 0
1831.06 579.461 0 0
-106.067 1237.49 0 0
1251.04 -407.547 0 0
-1129.74 -92.5455 0 0
457.59 1601.96 0 0
1020.45 999.433 0 0
881.749 1679.38 0 0
1950.28 958.937 0 0
-1599.21 -1300.99 0 0
-1384.72 -961.883 0 0
-287.483 -491.175 0 0
1724.02 1917.56 0 0
-1991.58 -125.105 0 0
-599.906 990.997 0 0
-777.58 -1052.86 0 0
31.8022 1527.86 0 0
-283.508 -376.266 0 0
-83.193 1161.22 0 0
711.621 -393.495 0 0
-1294.23 818.016 0 0
-1739.24 1098.59 0 0
-61.154 -476.994 0 0
-1093.19 107.001 0 0
1990.06 -1700.79 0 0
-1249.53 145.896 0 0
-454.068 -1577.95 0 0
-839.798 1703.2 0 0
786.385 -1752.59 0 0
-61.0537 -43.306 0 0
725.244 1538.89 0 0
1998.14 -1546.93 0 0
-1234.71 8.86386 0 0
1720.83 -1255.84 0 0
597.763 1880.69 0 0
1920.95 640.803 0 0
-1391.51 1105.24 0 0
-1727.27 -1431.98 0 0
-1406.48 -1543.62 0 0
1763.17 1180.66 0 0
-1134.24 -1828.95 0 0
916.99 870.134 0 0
-1777.66 -1836.9 0 0
4.67463 1504 0 0
1628.71 475.125 0 0
-1260.76 1713.47 0 0
-1717.98 69.9903 0 0
-1111.9 -1287.23 0 0
-1906.34 -1093.27 0 0
732.695 1792.12 0 0
403.852 -1055.23 0 0
1355.94 -560.914 0 0
1837.1 900.978 0 0
1829.08 -392.515 0 0
1073.44 -1571.72 0 0
441.501 -999.005 0 0
-552.807 1770.08 0 0
1499.28 -1708.85 0 0
1893.75 1431.21 0 0
580.253 440.84 0 0
1011.56 -100.33 0 0
1264.9 46.4217 0 0
258.603 -878.221 0 0
552.943 1410.53 0 0
694.581 -1557.56 0 0
898.823 -223.874 0 0
-1197.6 -359.45 0 0
-839.191 -1051.79 0 0
770.222 1497.28 0 0
-1624.54 -1809.54 0 0
1762.18 -1808.7 0 0
-675.859 -1492.18 0 0
453.073 1163.85 0 0
842.027 -1969.63 0 0
1288.58 -1715.11 0 0
376.883 361.166 0 0
-1428.25 1816.22 0 0
-983.1 174.782 0 0
-1739.75 -988.083 0 0
372.656 -1699.38 0 0
-1278.39 1117.68 0 0
686.654 -783.639 0 0
-1764.15 -1465.43 0 0
-1125.56 1405.4 0 0
1030.47 831.442 0 0
-823.265 1693.01 0 0
-746.467 -1658.24 0 0
-1662.1 -559.785 0 0
-698.882 1640.49 0 0
1672.04 1758.53 0 0
691.597 -1919.15 0 0
-436.06 -1017.12 0 0
126.836 1431.29 0 0
1178.44 -1779.88 0 0
-244.429 1897.91 0 0
-566.777 500.026 0 0
1355.81 -1232.4 0 0
-878.321 -1226.19 0 0
118.847 -1161.57 0 0
-1381.84 -1602.62 0 0
1486.7 1533.9 0 0
1155.3 1011.29 0 0
-1523.85 -1578.1 0 0
669.544 -1540.64 0 0
-947.732 -477.496 0 0
-1116.65 1495.13 0 0
-1992.44 -950.604 0 0
193.136 -737.887 0 0
-959.113 962.678 0 0
-359.513 1891.73 0 0
-1409.77 -146.8 0 0
74.0385 1564.78 0 0
-369.286 333.353 0 0
-76.966 -1849.21 0 0
-1766.35 769.963 0 0
-1903.75 1195.65 0 0
665.326 -674.811 0 0
-1506.09 753.079 0 0
-580.846 1859 0 0
-1202.93 -114.538 0 0
1926.01 -1616.66 0 0
1252.02 59.7534 0 0
1790.06 -645.259 0 0
-1835.47 -1737.77 0 0
1928.44 1445.51 0 0
406.057 -1252.73 0 0
1104.64 -1740.09 0 0
-1630.32 -331.131 0 0
-1024 1284.89 0 0
-1204.09 113.963 0 0
41.0027 1930.58 0 0
-1355.91 -504.523 0 0
568.327 -25.7096 0 0
-1534.75 1182.51 0 0
-1582.33 255.892 0 0
-1683.34 -219.002 0 0
-1248.02 40.1453 0 0
153.432 925.786 0 0
-312.32 40.9986 0 0
1784.22 1498.02 0 0
-281.303 -1276.82 0 0
-1758.87 -482.985 0 0
407.619 1048.1 0 0
1005.93 34.391 0 0
911.312 400.375 0 0
1542.43 -249.866 0 0
1616.17 3.18494 0 0
754.464 813.439 0 0
-1892.09 -515.82 0 0
859.684 1669.81 0 0
352.131 454.646 0 0
1607.42 738.113 0 0
1873.18 278.245 0 0
493.146 -535.123 0 0
1874.1 1148.55 0 0
1494.2 -1551.45 0 0
-877.753 -1798.32 0 0
-1946.41 1227.48 0 0
1080.82 536.571 0 0
1651.93 -34.5791 0 0
-1155.45 369.114 0 0
-1284.7 -1266.23 0 0
107.46 1070.01 0 0
-1677.76 -19.4163 0 0
-584.091 -1332.41 0 0
-85.424 653.334 0 0
375.933 1785.7 0 0
-1924.04 -326.224 0 0
-484.511 418.783 0 0
-980.463 634.256 0 0
-900.155 251.349 0 0
-1297.16 -1975.4 0 0
563.554 417.763 0 0
-886.52 -331.494 0 0
1091.25 -578.374 0 0
681.802 463.78 0 0
-1076.16 -431.513 0 0
-631.066 190.817 0 0
-766 -1348.45 0 0
-453.627 1251.21 0 0
0.0459546 1122.58 0 0
-281.809 -1458.89 0 0
-273.041 143.153 0 0
387.745 -1063.24 0 0
1211.11 1895.9 0 0
938.101 468.831 0 0
832.248 -1124.08 0 0
-547.557 -1654.32 0 0
-1648.85 -1941.63 0 0
125.048 -1702.25 0 0
-280.797 774.747 0 0
234.088 -23.5253 0 0
-1562.49 1271.89 0 0
-156.403 1285.77 0 0
-1671.97 -74.4467 0 0
999.352 1760.27 0 0
-1584.09 -1379.98 0 0
1217.13 -343.495 0 0
1669.85 -1138.67 0 0
-29.2495 1072.91 0 0
1407.73 -422.179 0 0
1911.23 1484.86 0 0
1310.26 264.916 0 0
-391.339 -1453.51 0 0
-809.959 1941.64 0 0
-1679.75 -300.825 0 0
-629.379 942.46 0 0
-1010.02 992.052 0 0
451.23 1672.5 0 0
-471.371 -1792.51 0 0
555.525 -1018.3 0 0
-1398.97 453.797 0 0
-1810.66 1476.92 0 0
1166.06 -1677.23 0 0
298.346 1836.78 0 0
-157.947 -440.837 0 0
100.526 1742.05 0 0
1084.83 -1996.97 0 0
-1666.28 -1338.85 0 0
1382.79 -1757.12 0 0
-1032.37 -1347.35 0 0
-1572.76 38.0241 0 0
-232.135 478.404 0 0
531.276 423.856 0 0
1039.72 8.46984 0 0
-1715.99 -1543.87 0 0
280.222 19.7683 0 0
-418.302 1462.45 0 0
-710.894 -1999.28 0 0
-196.789 1102.21 0 0
-574.446 -1365.79 0 0
1756.82 914.902 0 0
1859.07 -610.357 0 0
-1151 1331.58 0 0
1980.01 637.537 0 0
-851.581 -324.371 0 0
-670.875 1150.4 0 0
1384.62 1967.14 0 0
1598.63 -427.56 0 0
-1031 -864.18 0 0
-719.002 -1113.66 0 0
-1843.26 -1312.12 0 0
1152.44 332.369 0 0
160.379 -548.253 0 0
1723.3 1457.5 0 0
1051.25 -2.81268 0 0
400.497 -415.172 0 0
-1061.62 1142.1 0 0
-1472.05 -1005.25 0 0
-1715.79 960.853 0 0
-1697.42 -373.954 0 0
-1677.4 -549.995 0 0
74.4378 -1925.68 0 0
-1820.15 -849.385 0 0
-1256.67 1941.14 0 0
1971.58 -661.68 0 0
10.776 1980.83 0 0
-532.639 9.11419 0 0
-954.713 1811.7 0 0
1712.42 1114.05 0 0
-1734.21 1176.51 0 0
-1988.45 1400.7 0 0
867.292 303.375 0 0
-193.978 1526.43 0 0
-1955.15 -1068.84 0 0
352.207 518.087 0 0
-541.962 1484.13 0 0
-390.413 -1856.54 0 0
471.295 1226.35 0 0
-1019.38 1163.19 0 0
84.0502 1901.14 0 0
-1426.3 1847.7 0 0
-1934.54 -744.323 0 0
798.293 -1027.99 0 0
-155.223 -0.246185 0 0
-1116.3 -1929.47 0 0
1330.07 -1861.73 0 0
-1982.71 -370.509 0 0
-666.61 726.379 0 0
-354.187 1199.89 0 0
1233.47 -1578.22 0 0
238.353 -1521.58 0 0
1665.8 646.975 0 0
-1474.07 712.517 0 0
-1768.72 -1242.04 0 0
1486.86 511.202 0 0
1009.06 925.887 0 0
610.968 -1016.91 0 0
-34.3189 300.356 0 0
-238.884 -791.122 0 0
1824.01 1304.34 0 0
433.179 -401.361 0 0
-1605.34 -1246.24 0 0
-1128.4 1878.77 0 0
-297.656 -1130.87 0 0
-1970.24 -1985.44 0 0
-1297.23 -1233.98 0 0
-804.297 -1102.4 0 0
-1474.99 -1976.62 0 0
564.126 1457.84 0 0
1648.94 -1013.9 0 0
1018.79 730.752 0 0
-308.446 -1889.32 0 0
-503.463 -664.484 0 0
-153.469 -1626.59 0 0
-100.944 -519.015 0 0
-1295.66 264.353 0 0
-887.083 -400.911 0 0
-451.417 -1122.41 0 0
-1004.32 -1878.56 0 0
-393.999 1349.16 0 0
485.738 -1503.21 0 0
1733.77 -252.542 0 0
279.065 1736.87 0 0
-1890.74 1019.76 0 0
-1438.95 -1421.11 0 0
1840.4 -1515.15 0 0
-1435 -426.749 0 0
-474.028 -20.1015 0 0
-1519.37 1789.56 0 0
-687.549 -1958.35 0 0
-1292.09 204.811 0 0
1385.03 -698.903 0 0
-22.2869 253.066 0 0
1569.93 -526.723 0 0
1873.6 1073.22 0 0
1869.97 1953.57 0 0
-1095.35 461.412 0 0
-951.5 -946.018 0 0
-232.494 -936.487 0 0
-865.32 108.948 0 0
1842.74 -304.936 0 0
-1567.98 -932.715 0 0
48.5373 1636.62 0 0
836.274 1576.09 0 0
-1356.43 -510.839 0 0
-1970.18 1023.15 0 0
1846.72 -459.161 0 0
-1607.57 -1793.14 0 0
-1983.19 1912.55 0 0
-1500.68 968.587 0 0
-988.519 1532.29 0 0
-1585.9 -937.651 0 0
302.813 1645.18 0 0
1543.29 -67.431 0 0
1208.67 -1035.76 0 0
1975.73 -214.531 0 0
602.385 701.346 0 0
213.144 1018.13 0 0
1701.62 534.153 0 0
-404.66 1570 0 0
348.633 -565.399 0 0
948.65 450.244 0 0
335.631 1562.26 0 0
588.3 -1565.59 0 0
-830.441 -1720.43 0 0
-1938.72 -92.643 0 0
-153.904 751.338 0 0
21.26 -188.171 0 0
-1524.95 1395.46 0 0
1992.43 -1078.27 0 0
-237.179 1805.25 0 0
-769.722 1246.57 0 0
-1742.18 -191.091 0 0
432.293 1015.47 0 0
1930.76 -801.349 0 0
679.046 -296.112 0 0
-792.483 -727.745 0 0
-530.336 -910.933 0 0
-1177.61 -1321.02 0 0
1532.34 219.779 0 0
688.257 -769.721 0 0
-1455.01 -1909.45 0 0
-153.94 1149.96 0 0
-1050.49 111.779 0 0
1469.06 -160.456 0 0
-700.323 57.3095 0 0
-1014.58 -1678.92 0 0
1469.31 -1483.49 0 0
-1542.77 -1944.05 0 0
1582.52 1057.6 0 0
209.531 1708.24 0 0
-956.866 248.226 0 0
-1449.87 435.044 0 0
296.699 909.778 0 0
523.797 -1228.81 0 0
1804.08 -1930.47 0 0
1869.65 1134.19 0 0
1154.71 1743.02 0 0
-109.532 1640.98 0 0
-1556.69 1974.69 0 0
1964.9 1909.36 0 0
726.039 439.606 0 0
-405 4.77384 0 0
-1622.5 1767.6 0 0
0.250149 -1712.68 0 0
1204.4 -1980.2 0 0
1086.97 -1374.09 0 0
1836.61 -1015.18 0 0
-1408.45 -898.46 0 0
816.854 1027.72 0 0
720.165 1021.87 0 0
-613.047 -1937.16 0 0
-1650.61 1943.61 0 0
-1238.43 1406.15 0 0
-612.496 1405.32 0 0
-291.142 -1119.8 0 0
1624.93 -149.729 0 0
53.1377 -1357.97 0 0
1410.63 -1588.38 0 0
-1536.82 357.888 0 0
275.559 697.49 0 0
-1436.78 894.811 0 0
-1.86344 1281.23 0 0
-239.344 1588.07 0 0
622.782 -395.051 0 0
1636.7 -1623.86 0 0
-1729.32 869.448 0 0
-725.757 -1951.37 0 0
1872.99 749.644 0 0
401.327 -1419.44 0 0
795.155 -936.666 0 0
1982.28 458.899 0 0
-181.811 -1711.64 0 0
-1428.55 -337.322 0 0
-1335.33 1601.74 0 0
91.5815 431.656 0 0
625.3 -1041.94 0 0
-1692.65 324.854 0 0
-1715.63 -394.411 0 0
-1962.1 -158.939 0 0
1155.89 -1759.72 0 0
-1354.29 -1018.57 0 0
-1494 689.194 0 0
-33.8901 1496.3 0 0
-322.832 -1977.87 0 0
-43.1742 -332.673 0 0
-734.277 1158.9 0 0
788.578 -363.429 0 0
-101.5 670.068 0 0
787.091 208.035 0 0
-22.4662 659.025 0 0
1076.82 -365.267 0 0
-171.876 -1685.71 0 0
-1006.62 737.713 0 0
-1046.94 1179.83 0 0
-39.9715 563.583 0 0
1635.01 -1061.52 0 0
-1796.77 47.1198 0 0
1954.72 -1883.14 0 0
1620.46 1342.18 0 0
-745.059 -1430.55 0 0
1148.98 -1274.82 0 0
1842.58 -1756.27 0 0
-1000.74 354.538 0 0
-133.272 1260.22 0 0
-870.303 729.192 0 0
-1332.85 1265.27 0 0
-1837.25 761.357 0 0
-1671.95 -1218.16 0 0
620.11 -368.421 0 0
-1599.71 -135.235 0 0
-1712.25 -185.444 0 0
-1198.02 1778.13 0 0
1546.67 1562.22 0 0
-927.269 -1268.58 0 0
-1134.07 -862.749 0 0
-759.37 -1946.98 0 0
1050.49 1889.78 0 0
-978.269 -56.8866 0 0
1223.02 1505.1 0 0
-1754.2 -1967.81 0 0
-1052.03 -518.049 0 0
-230.207 1498.45 0 0
167.35 -1625.05 0 0
-1463.74 -1206.52 0 0
202.657 -1722.91 0 0
310.033 -360.591 0 0
617.332 -1514.58 0 0
1046.59 -1589.48 0 0
1662.14 1505.56 0 0
1168.41 1379.2 0 0
-1672.3 357.376 0 0
-966.521 -1452.73 0 0
1543.9 1886.98 0 0
-645.431 -1950.64 0 0
768.369 -951.438 0 0
-1481.64 743.809 0 0
345.473 -1401.07 0 0
455.581 413.296 0 0
-916.73 1475.06 0 0
428.84 60.3492 0 0
-729.775 -864.237 0 0
1011.82 265.541 0 0
-938.582 -1973.54 0 0
-1154.59 -1919.22 0 0
-1443.19 598.099 0 0
-950.441 1679.24 0 0
-156.669 -1844.72 0 0
-345.042 573.768 0 0
38.1351 -297.502 0 0
-1820.86 1799.64 0 0
516.385 -597.784 0 0
135.797 1684.9 0 0
-1007.74 1310.98 0 0
-671.003 -1334.33 0 0
1165.44 -472.489 0 0
-287.014 -728.607 0 0
-748.735 724.313 0 0
-1056.18 1930.27 0 0
-693.665 1569.2 0 0
-1188.19 1876.47 0 0
-307.076 1758.57 0 0
-187.764 1342.73 0 0
1024.14 28.483 0 0
-627.182 -9.11296 0 0
-1796.06 829.826 0 0
-1852.09 -654.942 0 0
-1820.1 -1415.09 0 0
-965.731 -743.331 0 0
107.413 983.434 0 0
214.338 179.743 0 0
-414.904 740.204 0 0
-188.662 600.823 0 0
824.375 1824.52 0 0
102.874 -1249.05 0 0
1277.68 -435.258 0 0
1933.07 -687.403 0 0
-540.365 609.335 0 0
-484.873 1187.37 0 0
959.8 1577.62 0 0
1064.68 470.824 0 0
-1957.02 1658.82 0 0
-688.88 1592.6 0 0
-1741.96 1049.88 0 0
-390.109 1235.5 0 0
-1344.02 1609.06 0 0
-1924.02 1253.44 0 0
-633.563 70.9923 0 0
-1547.42 -1941.69 0 0
151.116 623.494 0 0
-1411.61 -512.423 0 0
1197.81 -171.033 0 0
427.822 -1235.05 0 0
1966.88 -1412.69 0 0
1284.88 -1701.47 0 0
541.852 632.313 0 0
-1715.66 -948.536 0 0
-176.057 -1908.19 0 0
-849.594 -481.177 0 0
-732.985 -1585.09 0 0
-1131.08 1817.49 0 0
1523.39 -765.232 0 0
878.842 176.429 0 0
1365.98 -992.979 0 0
1879.2 -1282.56 0 0
655.983 1536.92 0 0
-336.372 1574.38 0 0
-796.572 269.396 0 0
1355.35 304.219 0 0
768.237 1850.62 0 0
-1084.61 -611.195 0 0
-701.225 508.608 0 0
135.144 -1868.36 0 0
-1239.76 -1282.42 0 0
1668.53 1163.16 0 0
646.17 1103.46 0 0
-128.205 1568.72 0 0
1698.84 -199.531 0 0
1437.19 -819.895 0 0
-431.087 -879.608 0 0
1062.2 1772.71 0 0
-1864.74 -1866.95 0 0
-1743.67 -341.158 0 0
-315.992 -1558.48 0 0
229.61 -1968.21 0 0
-1337.56 613.235 0 0
-1415.04 880.897 0 0
-564.387 1918.46 0 0
766.782 -541.489 0 0
-1146.57 838.166 0 0
-634.531 1498.08 0 0
-1530.92 -1127.61 0 0
30.5011 874.79 0 0
1614.43 -1668.89 0 0
-1845.44 223.639 0 0
-544.312 842.831 0 0
1400.49 -737.762 0 0
-1437.6 1072.23 0 0
-133.145 541.95 0 0
973.788 -442.47 0 0
1492.3 -1889.8 0 0
778.226 -591.615 0 0
31.0836 -1667.8 0 0
899.692 1805.48 0 0
1349.84 -1135.19 0 0
1196.37 -1520.04 0 0
-496.867 1654.26 0 0
651.84 -1840.13 0 0
-1300.09 788.667 0 0
-203.403 982.976 0 0
-277.44 -657.915 0 0
920.761 -1118.94 0 0
-416.24 -601.022 0 0
-484.029 206.046 0 0
1334.44 1019.33 0 0
422.049 -307.179 0 0
1222.98 -253.762 0 0
830.986 149.122 0 0
-275.022 -429.934 0 0
-615.891 1233.38 0 0
68.8584 1052.78 0 0
855.136 1522.82 0 0
368.16 -619.217 0 0
1752.57 1142.18 0 0
-1485.41 1375.87 0 0
-171.261 -292.962 0 0
-463.869 1798.92 0 0
1966.11 -492.063 0 0
20.8718 780.985 0 0
-345.447 -717.905 0 0
-79.5266 -1665.75 0 0
-250.145 1414.32 0 0
-286.752 -1960.35 0 0
-1693.84 -372.388 0 0
-1116.39 -1409.96 0 0
-754.259 1276.14 0 0
5.46633 393.167 0 0
220.932 909.638 0 0
-1556.77 657.379 0 0
679.061 -1018.23 0 0
-1237.4 -251.347 0 0
-106.33 -964.297 0 0
319.008 -1635.17 0 0
-1663.14 1860.68 0 0
1366.5 1976.53 0 0
-1600.53 227.281 0 0
-1780.8 436.522 0 0
-1682.09 61.0259 0 0
369.328 1919.73 0 0
-1465.98 -632.889 0 0
-1783.27 1872.51 0 0
-1935.92 830.491 0 0
-1992.9 -1291 0 0
-675.876 -231.956 0 0
854.125 1995.02 0 0
-1388 -77.9183 0 0
-1549.44 -871.565 0 0
1490.65 -731.057 0 0
-1680.24 1718.45 0 0
1646.66 -1672.21 0 0
-1068.39 -902.799 0 0
672.005 1822.35 0 0
-981.98 1122.58 0 0
-348.565 -1225.89 0 0
1394.97 1929.66 0 0
1276.6 82.0221 0 0
995.14 1657.8 0 0
-1063.14 1399.71 0 0
-33.879 -1045.1 0 0
-1762.61 563.471 0 0
-790.247 -1165.57 0 0
1573.67 719.249 0 0
573.544 -186.525 0 0
-697.663 -949.698 0 0
851.988 171.763 0 0
600.696 -1567.06 0 0
1158.92 812.68 0 0
-12.632 1737.91 0 0
-1520.27 1318.85 0 0
-499.591 950.96 0 0
604.103 1842.67 0 0
105.876 -241.466 0 0
1089.97 1252.48 0 0
-1776.76 551.727 0 0
1510.02 303.755 0 0
541.155 1491.42 0 0
-1409.01 647.276 0 0
-9.92421 -87.0796 0 0
-615.852 -1906.06 0 0
-872.397 1471.55 0 0
1441.42 -1589.17 0 0
807.737 1763.6 0 0
1303.91 -1354.9 0 0
-1408.95 -850.387 0 0
-1461.03 -1159.23 0 0
